C,degree,epsilon,validation_loss,mee
10.0,3,0.01,4.165737457264202,2.4142106817798585
14.5,3,0.01,4.133435784491234,2.397147757266852
19.0,3,0.01,4.12537929096504,2.3886859299040157
23.5,3,0.01,4.131139055825035,2.3860170582965723
28.0,3,0.01,4.148418254739659,2.3868435780227593
32.5,3,0.01,4.17569364971722,2.3929720310514995
37.0,3,0.01,4.2082481141902655,2.3991623622360096
41.5,3,0.01,4.247273213398912,2.405787214951051
46.0,3,0.01,4.270146026157913,2.409954636033131
50.5,3,0.01,4.299973796766196,2.414508793162157
55.0,3,0.01,4.326372891119562,2.4182265110975973
59.5,3,0.01,4.349666764745317,2.422153539275839
64.0,3,0.01,4.372148680563893,2.4257395344298947
68.5,3,0.01,4.393556429345186,2.4291110367625866
73.0,3,0.01,4.418527878871845,2.4340955919511704
77.5,3,0.01,4.440467707062701,2.4379080401885926
82.0,3,0.01,4.461532706977641,2.4415339884843017
86.5,3,0.01,4.485188136017442,2.446456046011551
91.0,3,0.01,4.510407026585457,2.451440740787563
95.5,3,0.01,4.5345423538491305,2.45588278310625
100.0,3,0.01,4.556436024086474,2.459963602806046
