n_layers,hidden_layers_size,batch_size,learning_rate,validation_loss,mee
1,100,64,0.001,0.02767543226474056,0.21346462792278345
1,100,64,0.0002,0.034823442696464334,0.2233033499043211
1,100,64,0.0001,0.03851224445506563,0.2288421764635974
1,500,64,0.001,0.035029338610602014,0.2216222067376853
1,500,64,0.0002,0.03586692500962354,0.22198848376530733
1,500,64,0.0001,0.03723609561842375,0.22385882047208236
3,100,64,0.001,0.03420783935620198,0.22025502537970199
3,100,64,0.0002,0.03352564588342855,0.21799094905889427
3,100,64,0.0001,0.03382901638095068,0.21809887853424037
3,500,64,0.001,0.03191559027456487,0.21147908397563395
3,500,64,0.0002,0.031362629244839776,0.20947085119939376
3,500,64,0.0001,0.03150785609649873,0.20919052352622586
5,100,64,0.001,0.030239368840987026,0.20709690578450918
5,100,64,0.0002,0.02978812079333534,0.20612390728020027
5,100,64,0.0001,0.02984081342141365,0.2059716093932951
5,500,64,0.001,0.02891978365945777,0.20207522041977352
5,500,64,0.0002,0.028302373051974628,0.20011300840077995
5,500,64,0.0001,0.028235821978363187,0.19962081120811173
1,100,914,0.001,0.029263901371183634,0.20187696218213255
1,100,914,0.0002,0.030809876782696952,0.20568553865066533
1,100,914,0.0001,0.03247668153047704,0.20986979386454005
1,500,914,0.001,0.033009132111164206,0.2110137998931971
1,500,914,0.0002,0.0339655667439764,0.2133578711872081
1,500,914,0.0001,0.03509259676188355,0.21610113769553044
3,100,914,0.001,0.03517588709334652,0.2160893486009392
3,100,914,0.0002,0.03577631601672257,0.2175764106277667
3,100,914,0.0001,0.03656324546039215,0.21943775094124227
3,500,914,0.001,0.036455238078677586,0.2190189613181304
3,500,914,0.0002,0.03683808957228819,0.21983356269882853
3,500,914,0.0001,0.03738013023336828,0.2210799446614507
5,100,914,0.001,0.03720070184991661,0.22065836664840535
5,100,914,0.0002,0.03750858195545245,0.22133775157014765
5,100,914,0.0001,0.03798525283387906,0.22236415957549105
5,500,914,0.001,0.03770008271991126,0.22161462572971274
5,500,914,0.0002,0.03788608353081289,0.2219393482821859
5,500,914,0.0001,0.0382179724607211,0.2226579943345809
