C,gamma,epsilon,validation_loss,mee
10.0,0.01,0.01,1.7652228795985982,1.4745655030739346
10.0,0.015,0.01,1.6168569500860623,1.3808513498077568
10.0,0.019,0.01,1.5475999039732564,1.337999393931453
10.0,0.024,0.01,1.4721758833659084,1.2965770119018467
10.0,0.028,0.01,1.4309220112705197,1.275981090869129
10.0,0.033,0.01,1.392865984388586,1.2559104773326482
10.0,0.037,0.01,1.3660954641650382,1.2415135557871073
10.0,0.042,0.01,1.3393672487316517,1.226313192464426
10.0,0.046,0.01,1.3236365968545152,1.2163427340659794
10.0,0.051,0.01,1.3104467545338019,1.2065990516132319
10.0,0.055,0.01,1.3010761551887478,1.1977762429733894
10.0,0.06,0.01,1.2933078745205735,1.189714604412185
10.0,0.064,0.01,1.285954997484288,1.1833422144668175
10.0,0.069,0.01,1.2773022173606876,1.1765533603073692
10.0,0.073,0.01,1.2715540262053349,1.1720453421313055
10.0,0.077,0.01,1.2656340153760726,1.1677997588959006
10.0,0.082,0.01,1.2620085825964409,1.1640783559488197
10.0,0.087,0.01,1.258128402243036,1.1602610701307714
10.0,0.091,0.01,1.256740574462089,1.1584213057191002
10.0,0.096,0.01,1.256145920211027,1.1570144716802868
10.0,0.1,0.01,1.255811069262833,1.156275987601347
14.5,0.01,0.01,1.7094863404201996,1.4369499896232651
14.5,0.015,0.01,1.5837980831233505,1.3573933401959393
14.5,0.019,0.01,1.5112107005189779,1.3168972430064063
14.5,0.024,0.01,1.442847420559544,1.2830242086818235
14.5,0.028,0.01,1.4076338963111965,1.2656419075911833
14.5,0.033,0.01,1.370560027826297,1.2461497332242415
14.5,0.037,0.01,1.346343194393101,1.2326361410860174
14.5,0.042,0.01,1.3211658017941803,1.2169387216791794
14.5,0.046,0.01,1.3097715932379934,1.2068165893560867
14.5,0.051,0.01,1.2976276713137904,1.194327525176482
14.5,0.055,0.01,1.2916706747344535,1.1876588117923566
14.5,0.06,0.01,1.2815844898038744,1.1798094485651738
14.5,0.064,0.01,1.2742337458153017,1.1744411656600302
14.5,0.069,0.01,1.2651382115008847,1.167934967237495
14.5,0.073,0.01,1.2607713475416098,1.163688107216857
14.5,0.077,0.01,1.2582711244964175,1.16064134686729
14.5,0.082,0.01,1.2557428286359107,1.1574878053800666
14.5,0.087,0.01,1.2539284866791687,1.1559797388527333
14.5,0.091,0.01,1.2521995954401903,1.1549155135543707
14.5,0.096,0.01,1.251196557903366,1.153509385781552
14.5,0.1,0.01,1.2506746323120452,1.1524118393198624
19.0,0.01,0.01,1.681278978320007,1.416990105740417
19.0,0.015,0.01,1.5594102428216945,1.3429986279456958
19.0,0.019,0.01,1.4903153768423458,1.3049646443155778
19.0,0.024,0.01,1.4277928456623596,1.277804626259243
19.0,0.028,0.01,1.3911604490528606,1.2586944527018946
19.0,0.033,0.01,1.356837887381744,1.2399311765371417
19.0,0.037,0.01,1.3318542084681495,1.2245851388596107
19.0,0.042,0.01,1.312715591782047,1.2098547102458108
19.0,0.046,0.01,1.300027291031754,1.1977615354914652
19.0,0.051,0.01,1.2921055241232942,1.1882650959194594
19.0,0.055,0.01,1.2844976269112187,1.1818134592341532
19.0,0.06,0.01,1.274542207901902,1.1742644624526626
19.0,0.064,0.01,1.2667200943690458,1.168538163132526
19.0,0.069,0.01,1.2609657816350561,1.163656888676352
19.0,0.073,0.01,1.2580079565263833,1.1602729610587308
19.0,0.077,0.01,1.2553355712093233,1.1580965164287682
19.0,0.082,0.01,1.2523321168020192,1.1563044873549009
19.0,0.087,0.01,1.2496337193767775,1.1543592103538571
19.0,0.091,0.01,1.2491083261902636,1.1531507404521761
19.0,0.096,0.01,1.249807325480483,1.1528494478513602
19.0,0.1,0.01,1.2505714532015453,1.1532944545409618
23.5,0.01,0.01,1.6586511319428583,1.4020851056225712
23.5,0.015,0.01,1.538829676714605,1.331508797573669
23.5,0.019,0.01,1.4738660943907005,1.2993900847950168
23.5,0.024,0.01,1.4140457463958662,1.2722213588150033
23.5,0.028,0.01,1.3790977656209442,1.2529453120028677
23.5,0.033,0.01,1.3462105307797656,1.2341443079597818
23.5,0.037,0.01,1.3257094091342914,1.2197250511823248
23.5,0.042,0.01,1.3057408861119828,1.2029135543180502
23.5,0.046,0.01,1.297678224595658,1.1932994564751236
23.5,0.051,0.01,1.287318930717256,1.1838897574617755
23.5,0.055,0.01,1.2792316770696768,1.1776673466925935
23.5,0.06,0.01,1.2687642048892964,1.1701925476949053
23.5,0.064,0.01,1.2635322416177865,1.1658973352597364
23.5,0.069,0.01,1.2587214977668755,1.1615059618784747
23.5,0.073,0.01,1.2558977748352502,1.1596312109446114
23.5,0.077,0.01,1.2515216020865667,1.1570878749450408
23.5,0.082,0.01,1.2492361617226428,1.1551386664568426
23.5,0.087,0.01,1.2494796930349963,1.153910566849938
23.5,0.091,0.01,1.2506837754408815,1.1540191468908316
23.5,0.096,0.01,1.2506504821236843,1.1543234990151154
23.5,0.1,0.01,1.2510149371701889,1.1554303221506002
28.0,0.01,0.01,1.6418252307716599,1.3892608603814278
28.0,0.015,0.01,1.5265151436688864,1.325539455252331
28.0,0.019,0.01,1.4600260128431501,1.2943529438737822
28.0,0.024,0.01,1.4032096144509403,1.2672284502924864
28.0,0.028,0.01,1.3709958971972125,1.2490340568904301
28.0,0.033,0.01,1.337556241001414,1.228772250795702
28.0,0.037,0.01,1.3191800339838855,1.2135996646684695
28.0,0.042,0.01,1.302892107106178,1.1983806731233282
28.0,0.046,0.01,1.2946593310952796,1.189394402474448
28.0,0.051,0.01,1.2841030049756919,1.1810891732258075
28.0,0.055,0.01,1.2748335964351742,1.1741735935139217
28.0,0.06,0.01,1.2678912612574418,1.1687327852812197
28.0,0.064,0.01,1.262690044277977,1.1642546977243156
28.0,0.069,0.01,1.2568813136709789,1.1607237681551623
28.0,0.073,0.01,1.25206292294508,1.1578954449993228
28.0,0.077,0.01,1.249966643381113,1.1562154827713418
28.0,0.082,0.01,1.2506063304685864,1.1552667535995425
28.0,0.087,0.01,1.2523368587178227,1.1554629728729664
28.0,0.091,0.01,1.2524403406576863,1.1560144394345901
28.0,0.096,0.01,1.2528219927849757,1.1575724654047093
28.0,0.1,0.01,1.2538857752102979,1.159967926811061
32.5,0.01,0.01,1.6289732770452197,1.3797998402933294
32.5,0.015,0.01,1.5159677713598865,1.3198054708950628
32.5,0.019,0.01,1.4507961813336399,1.290665256113127
32.5,0.024,0.01,1.3945114977425226,1.2626711986130799
32.5,0.028,0.01,1.3630633195408441,1.2451978099806438
32.5,0.033,0.01,1.3325701203896838,1.2249961078843647
32.5,0.037,0.01,1.315718717305042,1.2101524718768375
32.5,0.042,0.01,1.3004334456845914,1.1951619383361989
32.5,0.046,0.01,1.2905836448629784,1.1864097725688345
32.5,0.051,0.01,1.280719778293469,1.1787890552306513
32.5,0.055,0.01,1.2736183286937512,1.1731119302270303
32.5,0.06,0.01,1.2666135559081428,1.1673625182882374
32.5,0.064,0.01,1.2613561747387607,1.1636988526284642
32.5,0.069,0.01,1.2544241403996745,1.1595681419222954
32.5,0.073,0.01,1.2520343241926615,1.1577294784051322
32.5,0.077,0.01,1.2521249989365772,1.1570218916810078
32.5,0.082,0.01,1.253739543660462,1.156926104279291
32.5,0.087,0.01,1.2541911068969365,1.157675617113669
32.5,0.091,0.01,1.2547236630942802,1.1591340162479193
32.5,0.096,0.01,1.2552305420499326,1.1617957050069618
32.5,0.1,0.01,1.2552788552346057,1.163050251250794
37.0,0.01,0.01,1.6177476090813712,1.3737673384779143
37.0,0.015,0.01,1.5046436527150293,1.3142552431363312
37.0,0.019,0.01,1.4431503425199417,1.2877087852306857
37.0,0.024,0.01,1.3873491171404138,1.2590249401231983
37.0,0.028,0.01,1.3568492800244858,1.2415652891960895
37.0,0.033,0.01,1.3267786074801797,1.2198380781853417
37.0,0.037,0.01,1.3125125772924013,1.2061823339125617
37.0,0.042,0.01,1.2977954745741604,1.192454650515715
37.0,0.046,0.01,1.2883515783089963,1.185073828883649
37.0,0.051,0.01,1.2785072837080886,1.1770677742922235
37.0,0.055,0.01,1.2728047069746689,1.1724008478913144
37.0,0.06,0.01,1.2652792472477383,1.1665883020691223
37.0,0.064,0.01,1.2595600091512718,1.1630867791975907
37.0,0.069,0.01,1.2549220840591802,1.1597807335135624
37.0,0.073,0.01,1.2541080986967315,1.1587763770285273
37.0,0.077,0.01,1.2547739723896758,1.1581968627099892
37.0,0.082,0.01,1.2557680373331197,1.158854003167795
37.0,0.087,0.01,1.256449262801709,1.1606618367377075
37.0,0.091,0.01,1.2566540947358653,1.1627482024308773
37.0,0.096,0.01,1.2567348409210353,1.164675932595496
37.0,0.1,0.01,1.2598415571035837,1.167053886175223
41.5,0.01,0.01,1.6076678980241779,1.3679333073780302
41.5,0.015,0.01,1.4961259835438554,1.311616483062954
41.5,0.019,0.01,1.4336030951185978,1.28371987915
41.5,0.024,0.01,1.381815669645902,1.2572688334302464
41.5,0.028,0.01,1.3521303000211922,1.2386619493851583
41.5,0.033,0.01,1.3247958801303152,1.2174246882038673
41.5,0.037,0.01,1.3097286125238428,1.2030244279903488
41.5,0.042,0.01,1.2948284243126915,1.1904330496503774
41.5,0.046,0.01,1.2860960397797272,1.1838193014619292
41.5,0.051,0.01,1.2769507996578757,1.1760949130910305
41.5,0.055,0.01,1.271721135877261,1.1711758128588037
41.5,0.06,0.01,1.2640311162123599,1.1662885673509957
41.5,0.064,0.01,1.2589529494052698,1.1629756803435565
41.5,0.069,0.01,1.2564528674423854,1.1606221808519117
41.5,0.073,0.01,1.2557844457107568,1.1595845270125464
41.5,0.077,0.01,1.2563780897730292,1.1595246854308214
41.5,0.082,0.01,1.2579587399803165,1.1612195166498187
41.5,0.087,0.01,1.2582046281246404,1.163967230443606
41.5,0.091,0.01,1.2581042370854727,1.165642786634966
41.5,0.096,0.01,1.2615926822929333,1.1687609192327375
41.5,0.1,0.01,1.2672540734389008,1.1715937091530373
46.0,0.01,0.01,1.599491523339983,1.36282839013702
46.0,0.015,0.01,1.4880024525859215,1.3090020138114258
46.0,0.019,0.01,1.4246750027672916,1.2796907664403467
46.0,0.024,0.01,1.3772261108310284,1.2552885198950998
46.0,0.028,0.01,1.347455916699115,1.2356744376321003
46.0,0.033,0.01,1.323680069677685,1.2159673179874837
46.0,0.037,0.01,1.3075639085242603,1.2009416902692922
46.0,0.042,0.01,1.2931111859167173,1.1894133250150916
46.0,0.046,0.01,1.2838480690483118,1.18247350113273
46.0,0.051,0.01,1.277045688468938,1.1755309363546396
46.0,0.055,0.01,1.270237822146793,1.1705481752346723
46.0,0.06,0.01,1.2628587889387304,1.1660123579652324
46.0,0.064,0.01,1.259534588382363,1.1629809981720005
46.0,0.069,0.01,1.2572605375405728,1.1609864565755519
46.0,0.073,0.01,1.2573665157875473,1.1603627831346799
46.0,0.077,0.01,1.2585543123769858,1.1611402356192015
46.0,0.082,0.01,1.2591488441828775,1.1638778182820368
46.0,0.087,0.01,1.2593816563473381,1.1664947008012316
46.0,0.091,0.01,1.2615253671587587,1.1689609998375061
46.0,0.096,0.01,1.2679710012580263,1.1727507544770244
46.0,0.1,0.01,1.276188386854777,1.17640318397828
50.5,0.01,0.01,1.594173961498587,1.3589277809191622
50.5,0.015,0.01,1.4806013487473246,1.3061706685086847
50.5,0.019,0.01,1.4188545489793754,1.2773955005835322
50.5,0.024,0.01,1.3714927398399885,1.2525787809614737
50.5,0.028,0.01,1.344306585575231,1.233410990408883
50.5,0.033,0.01,1.3214425463871704,1.2129308234258016
50.5,0.037,0.01,1.3060760444217283,1.1993661079120097
50.5,0.042,0.01,1.2910567989419088,1.1882582363685548
50.5,0.046,0.01,1.2834102387810822,1.1818917666948023
50.5,0.051,0.01,1.2766921473236148,1.174905551824958
50.5,0.055,0.01,1.2691042408641955,1.1701902711381207
50.5,0.06,0.01,1.2627736298818362,1.1656792543298038
50.5,0.064,0.01,1.2597607451763344,1.1630406744211461
50.5,0.069,0.01,1.2584935243789175,1.1615082330241528
50.5,0.073,0.01,1.2588908667791416,1.1615521608645027
50.5,0.077,0.01,1.2599355777532297,1.1633761096333632
50.5,0.082,0.01,1.260714780940892,1.1664936896309648
50.5,0.087,0.01,1.2621635800269324,1.1695331400785
50.5,0.091,0.01,1.266123660360857,1.172542467953194
50.5,0.096,0.01,1.2756933665458625,1.1768849266228574
50.5,0.1,0.01,1.2855212316012659,1.1810815413326128
55.0,0.01,0.01,1.5889066841459352,1.3555928456669286
55.0,0.015,0.01,1.4743659676926928,1.3035599778021167
55.0,0.019,0.01,1.4150920747729376,1.2760956473737917
55.0,0.024,0.01,1.3670045226009737,1.2499114085149485
55.0,0.028,0.01,1.3413559466959142,1.2308126987606711
55.0,0.033,0.01,1.3189344324501369,1.2101787819131535
55.0,0.037,0.01,1.303999301282388,1.1979549217121923
55.0,0.042,0.01,1.28925511065899,1.1872489752202342
55.0,0.046,0.01,1.2828934102910194,1.1813057411015984
55.0,0.051,0.01,1.2755608929445463,1.1742632721407378
55.0,0.055,0.01,1.2681806141026422,1.169795419650947
55.0,0.06,0.01,1.2639341526677579,1.1659607757604065
55.0,0.064,0.01,1.2602089538554502,1.163280847459708
55.0,0.069,0.01,1.2594184877750454,1.162064969569023
55.0,0.073,0.01,1.2605564283470876,1.1633047877344347
55.0,0.077,0.01,1.261148826405456,1.1657224253010705
55.0,0.082,0.01,1.2619114754275882,1.1688444005793768
55.0,0.087,0.01,1.2656110640990683,1.172567144674389
55.0,0.091,0.01,1.2718807945675472,1.1758980159092058
55.0,0.096,0.01,1.2840726496910215,1.1810456769620494
55.0,0.1,0.01,1.2944760127304316,1.1849214666816348
59.5,0.01,0.01,1.5833234371317944,1.3527335526345228
59.5,0.015,0.01,1.466401351886362,1.3000016441390139
59.5,0.019,0.01,1.41068078163951,1.2741378236036227
59.5,0.024,0.01,1.3637290824309118,1.2476175629589124
59.5,0.028,0.01,1.3382424576432586,1.2282381740055803
59.5,0.033,0.01,1.3168204800443726,1.2082345238749368
59.5,0.037,0.01,1.3017126235189325,1.1965927048169984
59.5,0.042,0.01,1.2889774636173565,1.1870219071669086
59.5,0.046,0.01,1.282687900782726,1.180890701860032
59.5,0.051,0.01,1.2741886117778853,1.1737222145389994
59.5,0.055,0.01,1.2681888092693678,1.1697884984989153
59.5,0.06,0.01,1.2635016815024034,1.1657136425686394
59.5,0.064,0.01,1.261065578807811,1.1637855339762813
59.5,0.069,0.01,1.26105370610499,1.1635759632692195
59.5,0.073,0.01,1.261719982418191,1.165194236746221
59.5,0.077,0.01,1.2626269787803648,1.1678981359986802
59.5,0.082,0.01,1.2640846165817732,1.171369176310034
59.5,0.087,0.01,1.269783157749794,1.1754752436268476
59.5,0.091,0.01,1.2789556270426723,1.1794901021510429
59.5,0.096,0.01,1.2923525071407684,1.1847964774836839
59.5,0.1,0.01,1.3027121340459547,1.1878646111522297
64.0,0.01,0.01,1.57761634478519,1.3497858690591953
64.0,0.015,0.01,1.4594896301529534,1.296882415236434
64.0,0.019,0.01,1.4056741031765594,1.2720015812718686
64.0,0.024,0.01,1.3615457384992942,1.245877030344127
64.0,0.028,0.01,1.3369452803837114,1.2266487458888873
64.0,0.033,0.01,1.3155096292620667,1.2070344464225866
64.0,0.037,0.01,1.2995565494482089,1.1953662617119694
64.0,0.042,0.01,1.2879733551087833,1.1862976837524974
64.0,0.046,0.01,1.282393221671501,1.1803285900593894
64.0,0.051,0.01,1.2732533598205649,1.1733078334369904
64.0,0.055,0.01,1.268885691424784,1.169811714741368
64.0,0.06,0.01,1.263556459809093,1.1657933364319724
64.0,0.064,0.01,1.2618045864686063,1.1641086871004558
64.0,0.069,0.01,1.2628195671360938,1.165088654896498
64.0,0.073,0.01,1.262812784803806,1.1670964824867847
64.0,0.077,0.01,1.264192137338085,1.1700763822549967
64.0,0.082,0.01,1.2672722353553993,1.1741713995027423
64.0,0.087,0.01,1.2757625965850001,1.178619315743603
64.0,0.091,0.01,1.2857920192599395,1.182790512748258
64.0,0.096,0.01,1.300364240420316,1.1880143992611334
64.0,0.1,0.01,1.3103498992660843,1.19067387224135
68.5,0.01,0.01,1.5723044625323883,1.3475077639078026
68.5,0.015,0.01,1.4560114942302453,1.295469269548965
68.5,0.019,0.01,1.4005245379890399,1.2698192518504008
68.5,0.024,0.01,1.35939918873033,1.2442645922237554
68.5,0.028,0.01,1.3354749181969368,1.2251609501227048
68.5,0.033,0.01,1.313578984713072,1.2056908867546001
68.5,0.037,0.01,1.2977508450405117,1.1944186537371964
68.5,0.042,0.01,1.287783285269331,1.1858850308751925
68.5,0.046,0.01,1.2821235150735582,1.179758080786584
68.5,0.051,0.01,1.2729757693852686,1.1731600876281658
68.5,0.055,0.01,1.2693313881744641,1.1696725178763736
68.5,0.06,0.01,1.264055978011085,1.1660073835203955
68.5,0.064,0.01,1.2626259516269753,1.1648312765764675
68.5,0.069,0.01,1.2636848909683485,1.1664777572658342
68.5,0.073,0.01,1.2639487642410867,1.1689961770998607
68.5,0.077,0.01,1.2657700586361416,1.1722777156564261
68.5,0.082,0.01,1.271011000612282,1.1767022783218477
68.5,0.087,0.01,1.2819279923875466,1.1817198064914487
68.5,0.091,0.01,1.2932514207463324,1.1861624830884288
68.5,0.096,0.01,1.3080184968606434,1.190680838564873
68.5,0.1,0.01,1.3173826980958832,1.1930245606131116
73.0,0.01,0.01,1.568559684211049,1.3456794594979016
73.0,0.015,0.01,1.452792097827284,1.2942467909960116
73.0,0.019,0.01,1.396444175413349,1.268286118764996
73.0,0.024,0.01,1.3578359551927452,1.2431817598028942
73.0,0.028,0.01,1.3346183140374046,1.224328009182895
73.0,0.033,0.01,1.3115891309868752,1.2043161676639327
73.0,0.037,0.01,1.2965309953798954,1.193862621460599
73.0,0.042,0.01,1.2877402826956812,1.1854430636398912
73.0,0.046,0.01,1.2818455676518568,1.1792887065230617
73.0,0.051,0.01,1.273742074541265,1.1734239478336617
73.0,0.055,0.01,1.2690764865049702,1.1695681098533635
73.0,0.06,0.01,1.264612390851345,1.1665919683287043
73.0,0.064,0.01,1.264002951538743,1.1659441962026258
73.0,0.069,0.01,1.2644447247961679,1.1680364394386713
73.0,0.073,0.01,1.2658097839424678,1.1709887709323186
73.0,0.077,0.01,1.2678948324218313,1.1746063416980193
73.0,0.082,0.01,1.2753472962941033,1.1791971847943616
73.0,0.087,0.01,1.288022801591724,1.1846777988941029
73.0,0.091,0.01,1.3005318321518364,1.1893392378024328
73.0,0.096,0.01,1.314742454582734,1.1931111310290659
73.0,0.1,0.01,1.3242214828163648,1.1954811434126063
77.5,0.01,0.01,1.565593320730574,1.3441482431724026
77.5,0.015,0.01,1.4489926254163037,1.292702217706403
77.5,0.019,0.01,1.3933992439394465,1.2672861181527102
77.5,0.024,0.01,1.3559149192884385,1.2418402844086978
77.5,0.028,0.01,1.333168962815545,1.2226169247805139
77.5,0.033,0.01,1.3096321082926732,1.2030578565794572
77.5,0.037,0.01,1.2964637142307405,1.1937369529405173
77.5,0.042,0.01,1.2880676355061083,1.1852223091500338
77.5,0.046,0.01,1.2812939683449238,1.178754101628157
77.5,0.051,0.01,1.2744264152494231,1.1733595583034555
77.5,0.055,0.01,1.2689294066916106,1.1696698346347125
77.5,0.06,0.01,1.2651360915171082,1.166983032179234
77.5,0.064,0.01,1.2652636299615914,1.1669533385049609
77.5,0.069,0.01,1.26575486890193,1.1698812661432265
77.5,0.073,0.01,1.2676200195898697,1.1731475788173718
77.5,0.077,0.01,1.2712314087598724,1.1772540727311913
77.5,0.082,0.01,1.280396755256531,1.1816783214348558
77.5,0.087,0.01,1.294503910435912,1.1875766184877896
77.5,0.091,0.01,1.3077695946333325,1.1918559541911447
77.5,0.096,0.01,1.320821479907539,1.195160758978424
77.5,0.1,0.01,1.3313807926409984,1.1980237340913644
82.0,0.01,0.01,1.5618064308767505,1.3420405873692312
82.0,0.015,0.01,1.4452648320600108,1.2912240767102119
82.0,0.019,0.01,1.3914170556657641,1.2664211519567656
82.0,0.024,0.01,1.3532483272177416,1.2400701780442034
82.0,0.028,0.01,1.3318398143049757,1.2208619175176607
82.0,0.033,0.01,1.3078118877794023,1.2018899381370876
82.0,0.037,0.01,1.29592126484151,1.1934027716369628
82.0,0.042,0.01,1.2878538055480275,1.1848777342634915
82.0,0.046,0.01,1.2805278195098475,1.1781732396688436
82.0,0.051,0.01,1.2747921314464434,1.1732039827176808
82.0,0.055,0.01,1.2694528069008453,1.1700590876170236
82.0,0.06,0.01,1.2659819058768975,1.1676579318956568
82.0,0.064,0.01,1.2663796917269892,1.1682698786184915
82.0,0.069,0.01,1.2675338480105953,1.1718141550646173
82.0,0.073,0.01,1.2697721804403825,1.1754340183317011
82.0,0.077,0.01,1.2745426619454188,1.179185538658992
82.0,0.082,0.01,1.2861235188088154,1.1844741707991884
82.0,0.087,0.01,1.3015121801066505,1.190524531177904
82.0,0.091,0.01,1.3145719498722235,1.1942898610025043
82.0,0.096,0.01,1.3269605370383595,1.1973384252433634
82.0,0.1,0.01,1.3390336372658382,1.200739686424985
86.5,0.01,0.01,1.557529617663039,1.3395915979597246
86.5,0.015,0.01,1.442290257104265,1.289948015572283
86.5,0.019,0.01,1.3898300276539,1.2657126024418437
86.5,0.024,0.01,1.3509146976686888,1.2382976454761825
86.5,0.028,0.01,1.330707901438665,1.2194937432196127
86.5,0.033,0.01,1.3060536107895389,1.201071889109381
86.5,0.037,0.01,1.2954603876560609,1.1929787207723248
86.5,0.042,0.01,1.2873261209889826,1.1841538263310063
86.5,0.046,0.01,1.2802600246534508,1.1780885474050176
86.5,0.051,0.01,1.2740381617606396,1.172921967170124
86.5,0.055,0.01,1.2695798069054487,1.1701003181324559
86.5,0.06,0.01,1.2670165956697146,1.168233094309041
86.5,0.064,0.01,1.2677379249451783,1.169833005072461
86.5,0.069,0.01,1.2692814777321693,1.173590426731432
86.5,0.073,0.01,1.272138976651907,1.177710933294378
86.5,0.077,0.01,1.2789211271285388,1.181382883807517
86.5,0.082,0.01,1.2912781150613084,1.18705705779812
86.5,0.087,0.01,1.3078938727532514,1.1930090971665788
86.5,0.091,0.01,1.32029759468159,1.1963674577452585
86.5,0.096,0.01,1.3337151384618715,1.1997591229374938
86.5,0.1,0.01,1.3464284707973464,1.203323600528229
91.0,0.01,0.01,1.5542149516412906,1.3379340585314987
91.0,0.015,0.01,1.4392218384621147,1.288769789431228
91.0,0.019,0.01,1.3882105749452764,1.2650161142437482
91.0,0.024,0.01,1.3490591183804095,1.2368141395074201
91.0,0.028,0.01,1.3305376633870913,1.2187945011434937
91.0,0.033,0.01,1.304664952742766,1.2003935585498948
91.0,0.037,0.01,1.295644083524673,1.1927645054413256
91.0,0.042,0.01,1.2870916715023042,1.1837570610007089
91.0,0.046,0.01,1.280812183659439,1.178518253847056
91.0,0.051,0.01,1.2736890853301512,1.1728230664910138
91.0,0.055,0.01,1.2700519883145418,1.1705642534685734
91.0,0.06,0.01,1.2681706878376493,1.1691009807606307
91.0,0.064,0.01,1.2690548790328215,1.171407171252573
91.0,0.069,0.01,1.2709478496449043,1.1755518230659558
91.0,0.073,0.01,1.2751526115367458,1.1797473546648753
91.0,0.077,0.01,1.2833015943979549,1.1834232352584348
91.0,0.082,0.01,1.2968054358111407,1.1895811509975023
91.0,0.087,0.01,1.313943730409736,1.1951560272519608
91.0,0.091,0.01,1.3256988940071037,1.1982141134147082
91.0,0.096,0.01,1.3410426131807407,1.202350756123068
91.0,0.1,0.01,1.353956255175433,1.2060807696720548
95.5,0.01,0.01,1.5510718917077047,1.3363212420846662
95.5,0.015,0.01,1.4365154938681055,1.2877212546576347
95.5,0.019,0.01,1.3867738722185263,1.2643035220700332
95.5,0.024,0.01,1.347643204425293,1.2355666785578325
95.5,0.028,0.01,1.3298863717006246,1.218022090944681
95.5,0.033,0.01,1.3039338109932739,1.1999964602815552
95.5,0.037,0.01,1.296409471500604,1.1928038481708787
95.5,0.042,0.01,1.286808743617463,1.1833589499705928
95.5,0.046,0.01,1.2809451822819022,1.1784148684472997
95.5,0.051,0.01,1.2739622730375415,1.172972766614563
95.5,0.055,0.01,1.270484027114639,1.1710285058185432
95.5,0.06,0.01,1.269516687639136,1.1703420619316187
95.5,0.064,0.01,1.2702842190745525,1.1729625018890015
95.5,0.069,0.01,1.2726767413702933,1.1772940901059692
95.5,0.073,0.01,1.2789713573466481,1.1817659413022938
95.5,0.077,0.01,1.288057720922865,1.1858261389895257
95.5,0.082,0.01,1.3021602947193611,1.1918670914508105
95.5,0.087,0.01,1.3196470536199014,1.1972849215732593
95.5,0.091,0.01,1.3310842219001287,1.2000522237900415
95.5,0.096,0.01,1.3479449181244694,1.2047915522910777
95.5,0.1,0.01,1.361591044623363,1.2088429028847745
100.0,0.01,0.01,1.547371675925166,1.334548025281345
100.0,0.015,0.01,1.43321045411595,1.286455623241996
100.0,0.019,0.01,1.3854005381376613,1.2635810149900937
100.0,0.024,0.01,1.3462429595797605,1.2341190938025672
100.0,0.028,0.01,1.3284897472280897,1.2171409006401048
100.0,0.033,0.01,1.3037609712296252,1.1999429664315695
100.0,0.037,0.01,1.296690427829543,1.1926189247926486
100.0,0.042,0.01,1.286568317494305,1.182984302755647
100.0,0.046,0.01,1.2809258855143502,1.1782590961870674
100.0,0.051,0.01,1.2742755866821296,1.173275794338547
100.0,0.055,0.01,1.2711802873967497,1.1716676986572878
100.0,0.06,0.01,1.2707581927993197,1.1715990175417847
100.0,0.064,0.01,1.2715460144893367,1.1745102465920971
100.0,0.069,0.01,1.2750273606662685,1.1792777641002894
100.0,0.073,0.01,1.2827637435142452,1.1835938247822178
100.0,0.077,0.01,1.2921928093702246,1.1880605929071246
100.0,0.082,0.01,1.308038625426699,1.1942789851329583
100.0,0.087,0.01,1.3249301670852227,1.199201425203638
100.0,0.091,0.01,1.3374270978226288,1.2022554654507163
100.0,0.096,0.01,1.354625004136323,1.2072232354440657
100.0,0.1,0.01,1.3696240962143826,1.2117214039371904
