C,degree,epsilon,validation_loss,mee
0.1,2,0.001,24.252105793742775,6.293506879112387
0.1,2,0.01,24.251764384830924,6.293758125474386
0.1,3,0.001,6.067819720343063,2.9579907600452278
0.1,3,0.01,6.068174963871937,2.9579014987671686
0.1,4,0.001,17.101869448204198,5.196472474928326
0.1,4,0.01,17.105157947234904,5.196380915015092
1.0,2,0.001,15.796634890058629,4.93706722111669
1.0,2,0.01,15.79727767733425,4.9372149779668035
1.0,3,0.001,4.483941286250569,2.521407219560818
1.0,3,0.01,4.482299112932399,2.5211078719127786
1.0,4,0.001,11.029413530756598,3.937810044626147
1.0,4,0.01,11.028108865394971,3.9378423988118634
10.0,2,0.001,13.86484330263775,4.422032832563057
10.0,2,0.01,13.865975890997596,4.421682742486475
10.0,3,0.001,4.168432921378942,2.4151774194939586
10.0,3,0.01,4.165737457264202,2.4142106817798585
10.0,4,0.001,9.736151050247587,3.5789402467212716
10.0,4,0.01,9.728562878620759,3.5778994273068565
100.0,2,0.001,14.58676097887611,4.417690922768539
100.0,2,0.01,14.581132773220313,4.4169227338200425
100.0,3,0.001,4.56278920049448,2.4612415973166923
100.0,3,0.01,4.556436024086474,2.459963602806046
100.0,4,0.001,10.340688630073545,3.6446376596362136
100.0,4,0.01,10.33894488361867,3.6438321226130577
