n_layers,hidden_layers_size,batch_size,learning_rate,validation_loss,mee
1,100,915,0.0001,2.1586408096942895,1.6939432476460807
1,500,915,0.0001,2.1174942253787252,1.6785408662491723
3,100,915,0.0001,1.4903794985651704,1.3567075073164858
3,500,915,0.0001,1.4054730019166508,1.303822952604556
5,100,915,0.0001,1.3365712480828231,1.2492161584567616
5,500,915,0.0001,1.3269396194092966,1.2223031272853262
1,100,915,0.001,1.4401883292746653,1.3093376048841696
1,500,915,0.001,1.3968866683243268,1.2946031432315679
3,100,915,0.001,1.4820225376493046,1.302213090575434
3,500,915,0.001,1.4249317690461858,1.241382912554756
5,100,915,0.001,1.5086487645669027,1.3032016941559403
5,500,915,0.001,1.3489534428458538,1.2026286334452805
1,100,915,0.0002,1.7597983339024712,1.5184680825623726
1,500,915,0.0002,1.757695747815552,1.5163956331471717
3,100,915,0.0002,1.3521734954487465,1.2486149560755024
3,500,915,0.0002,1.3306410140734648,1.2411667553031531
5,100,915,0.0002,1.3686851629987453,1.240276972731422
5,500,915,0.0002,1.305401610601055,1.1977527407546196
1,100,64,0.0001,1.3856369910026052,1.2887568454779097
1,500,64,0.0001,1.3621677229646791,1.266252452205934
3,100,64,0.0001,1.5351250516308115,1.3146933151354236
3,500,64,0.0001,1.40032737163721,1.2343650508590065
5,100,64,0.0001,1.801332908640672,1.4252270120386017
5,500,64,0.0001,1.458375617307472,1.2597920547101358
1,100,64,0.001,1.5095308623162358,1.324721611015259
1,500,64,0.001,1.4739722248857117,1.2977316576592168
3,100,64,0.001,1.7540049544086376,1.3739810344069336
3,500,64,0.001,1.4767420684789616,1.271661111081485
5,100,64,0.001,1.6348831731148796,1.2941810487883376
5,500,64,0.001,1.3564929551922882,1.1872409601273053
1,100,64,0.0002,1.394801434967125,1.2753876093063492
1,500,64,0.0002,1.3499146291884943,1.2454580711348464
3,100,64,0.0002,1.7724232934147004,1.4082580719627906
3,500,64,0.0002,1.5329085762002512,1.3068721648546542
5,100,64,0.0002,1.7703460475791335,1.3671388176669623
5,500,64,0.0002,1.486990840682644,1.2729293755823572
