C,gamma,epsilon,validation_loss,mee
0.1,0.1,0.001,4.477298785239925,2.2243628438418903
0.1,1.0,0.001,27.112723276861086,6.581199035423773
0.1,10.0,0.001,42.0559245848858,8.489319143684959
0.1,100.0,0.001,42.12411023974006,8.49671305615985
0.1,0.1,0.01,4.4740561039861895,2.223557707522429
0.1,1.0,0.01,27.11483995029282,6.581231477958016
0.1,10.0,0.01,42.05624343801199,8.48917481455639
0.1,100.0,0.01,42.124465737982426,8.496556076078566
1.0,0.1,0.001,1.3909968688873628,1.2637645409514404
1.0,1.0,0.001,6.117823396425985,2.522521643895239
1.0,10.0,0.001,41.36539448009505,8.405334799861693
1.0,100.0,0.001,42.027646572486915,8.48255934716186
1.0,0.1,0.01,1.3904909084280643,1.2633329538122502
1.0,1.0,0.01,6.118503786106984,2.5230139112630514
1.0,10.0,0.01,41.36492411440328,8.405176630761272
1.0,100.0,0.01,42.02700645631202,8.482428906828833
10.0,0.1,0.001,1.2754469501526282,1.169927588844274
10.0,1.0,0.001,3.085944387639031,1.7971158668649487
10.0,10.0,0.001,37.35618141241925,7.962888228879739
10.0,100.0,0.001,41.50638616255219,8.439355008551468
10.0,0.1,0.01,1.2752820640777316,1.1697009210069997
10.0,1.0,0.01,3.08765478691336,1.7980330378308385
10.0,10.0,0.01,37.35895825998742,7.963363995920491
10.0,100.0,0.01,41.50620067674047,8.439352034849062
100.0,0.1,0.001,1.410961633416234,1.25233828736953
100.0,1.0,0.001,3.1160218842372407,1.8214696007833695
100.0,10.0,0.001,37.06588985195162,7.92970781763879
100.0,100.0,0.001,41.422989368233246,8.424003965832446
100.0,0.1,0.01,1.4089023288151787,1.2508703215083028
100.0,1.0,0.01,3.1165325347122605,1.8216409666593334
100.0,10.0,0.01,37.0699364105295,7.930296377920103
100.0,100.0,0.01,41.422897613531546,8.424003486945645
